11	23	42	77	95
24	59	35	25	57
38	90	58	50	55
71	54	46	75	81
46	6	77	2	2
45	83	24	88	82
64	14	27	97	97
79	96	63	87	49
8	88	71	84	4
41	78	36	93	57
70	35	75	16	30
98	17	40	18	66
20	21	55	58	31
13	70	53	93	1
19	64	6	87	56
66	81	70	100	77
44	9	74	73	67
35	65	9	25	57
70	53	58	62	56
26	29	21	85	23
60	15	75	21	6
77	14	71	67	99
70	2	26	90	96
7	83	85	46	82
2	40	3	56	30
98	33	67	53	28
43	17	64	13	13
99	37	19	50	69
83	55	87	79	74
99	89	88	7	81
72	32	30	69	56
4	78	45	24	89
100	69	82	46	99
93	70	89	17	35
77	46	68	31	3
87	95	38	51	83
9	41	31	16	41
14	52	51	9	60
92	17	40	18	24
7	40	64	81	52
39	49	20	1	15
35	100	81	52	66
4	77	40	51	92
4	80	91	13	19
44	41	81	97	49
56	95	99	60	37
17	94	97	21	41
22	70	85	7	31
72	7	76	77	70
11	40	2	22	54
2	48	20	37	57
98	48	40	36	86
87	29	96	80	95
83	80	11	75	33
59	91	10	94	47
48	68	37	79	5
47	72	25	25	60
43	47	41	79	90
21	76	79	81	54
93	2	68	24	19
66	65	13	38	72
63	15	11	29	33
44	56	26	54	38
32	10	64	61	24
19	15	64	4	90
52	76	43	68	51
51	28	12	75	52
7	54	54	11	6
22	5	58	55	72
9	45	6	20	80
90	100	22	84	65
7	20	91	38	50
8	72	12	95	23
9	44	90	87	38
61	67	95	91	62
64	71	96	2	16
53	100	75	79	53
66	97	48	91	63
80	64	31	43	24
74	56	67	60	64
82	33	55	79	53
50	38	48	53	61
29	61	77	68	12
5	55	79	7	36
7	17	4	9	10
42	92	22	49	90
89	54	13	44	19
53	86	65	34	3
50	83	39	19	39
18	73	44	97	10
21	76	37	37	76
68	17	89	50	92
55	11	96	72	15
14	45	96	80	9
39	92	13	90	84
94	97	98	45	43
79	52	88	65	5
14	42	60	72	61
94	25	73	43	31
55	68	60	75	70
54	24	21	95	22
18	86	81	86	1
97	31	54	78	17
8	75	25	6	36
77	99	55	37	69
54	33	75	13	41
47	20	80	31	53
3	47	39	18	11
45	64	81	5	55
51	58	35	44	70
38	25	72	25	98
20	20	88	79	16
53	48	68	83	76
94	48	84	3	19
15	98	78	15	35
31	13	38	14	51
71	72	54	93	46
5	32	32	83	44
52	15	95	60	6
50	57	37	21	74
54	2	92	58	10
28	60	75	33	59
77	44	62	74	30
29	58	36	42	39
58	85	58	62	81
39	5	85	32	29
46	60	29	9	3
24	72	80	48	4
86	91	88	57	76
60	1	61	37	76
100	98	63	25	75
15	77	89	23	24
91	53	52	72	52
41	39	26	76	7
92	15	85	51	16
75	29	79	85	39
6	73	7	72	71
81	75	20	41	34
23	30	82	92	3
43	59	55	99	18
87	81	43	15	16
63	7	51	56	27
66	46	29	39	30
87	83	95	26	73
9	52	83	57	31
44	19	24	91	8
43	77	75	17	48
36	94	67	28	21
75	39	67	78	76
7	25	52	49	76
26	37	48	55	33
58	17	71	37	11
86	96	91	27	91
23	72	3	53	89
33	49	50	83	9
7	49	10	52	15
3	61	100	69	48
59	26	100	20	46
28	84	41	69	77
2	1	3	4	62
38	5	32	82	31
13	83	37	68	40
52	37	7	80	78
12	35	18	30	30
61	92	1	89	50
87	41	83	59	2
33	35	32	17	52
42	36	51	67	75
93	84	19	91	59
81	26	11	4	67
95	21	97	92	69
92	28	48	65	73
98	39	77	60	2
25	4	66	95	20
51	5	12	89	52
6	87	57	43	77
14	60	54	65	39
70	40	50	96	21
57	42	69	36	52
80	29	57	34	1
14	34	13	97	90
65	5	37	62	97
58	19	21	43	65
20	62	59	86	54
54	35	22	66	11
16	26	11	97	22
97	49	89	53	34
31	98	15	59	17
99	37	40	59	19
15	90	92	70	68
73	69	93	39	4
88	62	86	44	69
49	60	40	80	48
99	10	92	50	39
99	61	25	15	54
92	52	78	59	50
65	64	75	19	55
75	63	24	67	10
34	76	100	85	88
99	60	37	52	48